       20.463
      -58.669
        6.663
       -0.612
       -0.186
       -4.732
       -0.425
       22.671
      -22.123
        3.100
       26.394
      -24.493
       -3.579
        4.168
       12.979
      -12.306
       -3.502
       18.678
       -0.641
        1.684
        0.562
       -8.996
       11.752
        7.422
       24.538
        7.512
       26.071
       -5.538
        2.281
      -16.745
        8.947
      -33.170
       36.026
       32.492
       19.879
       46.216
       36.978
      -14.927
       -9.708
       -7.767
       14.609
       -9.531
       -7.379
       16.345
      -21.554
      -24.299
       -0.383
        4.730
       -7.039
        1.627
       28.714
      -28.988
       22.986
       39.698
       -1.302
       -2.499
       -0.044
        5.089
        5.001
       35.363
       11.081
      -49.009
       15.070
       -2.484
       -9.779
       -5.420
        3.130
       -1.048
      -21.304
      -52.791
      -36.128
       34.766
       -2.667
       -6.561
      -52.128
       26.784
       11.507
       33.040
       -2.006
      -51.222
      -46.271
       33.961
       46.608
        7.992
      -42.645
       24.558
       -4.027
       23.192
        6.659
      -13.142
      -34.147
      -45.606
       78.069
       23.277
      -38.748
      -36.040
      -12.070
       -2.138
       16.189
      -16.904
       30.237
       -1.792
        1.979
       18.765
      -12.740
       86.459
      -40.919
       26.992
      -21.983
      -12.216
       30.890
      -21.699
       79.051
       13.641
       20.373
      -29.784
       69.438
      -72.009
      -25.021
       -2.432
      -91.262
      -49.279
      -19.676
       -4.497
        0.615
       10.113
       74.340
    -1502.207
     1507.156
      -31.996
       43.457
       64.153
      -23.840
        8.004
       -8.055
    -1579.503
     1579.647
        3.539
       38.498
