   165408.498
   188076.313
   226584.922
   243391.788
   232950.821
   226165.660
   245588.398
   250903.825
   241105.255
   241098.250
   224787.303
   218272.588
   218546.145
   232556.350
   197442.659
   187009.979
   173338.793
   186420.445
   199072.212
   227065.969
   221212.668
   216954.334
   223387.725
   226979.763
   240569.502
   253473.837
   242633.768
   224602.295
   228041.958
   222916.796
   211245.773
   213901.847
   201869.102
   189789.885
   201970.840
   215679.615
   218245.438
   233129.679
   242013.266
   237160.419
   246191.907
   242020.951
   233781.115
   234975.658
   229489.446
   230117.155
   230395.504
   231315.955
   233134.847
   234052.354
     2057.302
     3600.239
     4811.526
     5796.127
     6465.313
     7346.280
     8308.026
     9166.280
     9917.058
    10573.416
    11896.209
    13351.548
    14603.919
    16042.494
    16978.983
    18234.543
    19784.676
    20842.258
    21994.846
    23253.437
    24149.594
    24520.236
    25165.011
    25551.379
    26382.753
    27603.616
    28711.164
    50578.830
    52359.110
    52895.778
     2057.302
     3600.239
     4811.526
     5796.127
     6465.313
     7346.280
     8308.026
     9166.280
     9917.058
    10573.416
    11896.209
    13351.548
    14603.919
    16042.494
    16978.983
    18234.543
    19784.676
    20842.258
    21994.846
    23253.437
    24149.594
    24520.236
    25165.011
    25551.379
    26382.753
    27603.616
    28711.164
    50578.830
    52359.110
    52895.778
     1197.257
     1973.179
     1570.901
     1631.830
     1972.918
     2435.426
     2255.565
     2706.948
     3574.134
     3415.512
     3407.876
     4258.876
     4591.757
     4427.583
     4847.262
     6142.321
     7682.325
     9252.101
    11380.882
    13444.172
    15445.864
    17069.109
    18939.653
    20514.526
    21604.914
    23543.983
    25505.092
    27050.454
    28501.110
    30068.066
    31616.272
    33742.112
    34611.930
    36508.676
    38530.502
    40440.663
    41613.435
    42606.585
    44280.487
    45668.390
